0.000120  0.608592  0.391288
0.000122  0.785462  0.214416
0.000140  0.793858  0.206002
0.000120  0.708554  0.291326
0.999756  0.000121  0.000122
0.999752  0.000124  0.000125
0.999757  0.000121  0.000122
0.999754  0.000123  0.000123
0.000120  0.640642  0.359238
0.000119  0.999758  0.000123
0.000119  0.999758  0.000123
0.000120  0.999757  0.000123
0.000122  0.779733  0.220145
0.000131  0.999733  0.000136
0.000214  0.999564  0.000222
0.067817  0.691676  0.240507
0.000123  0.742923  0.256954
0.000121  0.999755  0.000123
0.000121  0.999756  0.000123
0.000119  0.999759  0.000122
0.000121  0.999755  0.000124
0.000120  0.999757  0.000123
0.000123  0.550287  0.449591
0.000173  0.999649  0.000178
0.000121  0.628838  0.371042
0.000124  0.459719  0.540157
0.000120  0.673663  0.326217
0.000122  0.428230  0.571647
0.000125  0.317379  0.682496
0.000128  0.430516  0.569356
0.000185  0.297265  0.702549
0.000123  0.103668  0.896209
0.000125  0.135984  0.863890
0.000126  0.154441  0.845434
0.000248  0.057426  0.942326
0.000130  0.143868  0.856002
0.000141  0.000142  0.999717
0.000123  0.000123  0.999754
0.000123  0.021936  0.977941
0.000127  0.000126  0.999746
0.000247  0.000246  0.999507
0.000139  0.000142  0.999720
0.000120  0.000122  0.999758
0.000119  0.000122  0.999758
0.000121  0.031026  0.968853
0.000125  0.000126  0.999749
0.000142  0.000145  0.999713
0.000121  0.000124  0.999755
0.000120  0.000123  0.999758
0.000125  0.000128  0.999747
0.000241  0.000241  0.999518
0.000264  0.000265  0.999471
0.000122  0.039539  0.960339
0.000119  0.000121  0.999759
0.000129  0.000130  0.999741
0.000120  0.000122  0.999758
0.000137  0.000140  0.999723
0.000122  0.000121  0.999757
0.000121  0.000137  0.999742
0.000119  0.000120  0.999761
0.000119  0.000122  0.999759
0.000120  0.000121  0.999759
0.999755  0.000122  0.000123
0.999754  0.000123  0.000124
0.999754  0.000123  0.000124
0.000171  0.000173  0.999656
0.000126  0.000128  0.999746
0.000138  0.000144  0.999718
0.000121  0.000122  0.999757
0.000132  0.000134  0.999734
0.000124  0.000125  0.999751
0.000122  0.000124  0.999755
0.000122  0.106505  0.893373
0.000119  0.000121  0.999759
0.000123  0.000124  0.999753
0.522224  0.000152  0.477625
0.332517  0.000126  0.667358
0.422576  0.000143  0.577281
0.000123  0.822576  0.177302
0.000183  0.029143  0.970674
