0.000051  0.999897  0.000052
0.000050  0.959115  0.040836
0.000049  0.999899  0.000051
0.000054  0.965382  0.034565
0.000050  0.999908  0.000042
0.000050  0.999899  0.000051
0.000049  0.999900  0.000051
0.000049  0.999899  0.000051
0.000050  0.999899  0.000051
0.000051  0.850410  0.149539
0.000052  0.982355  0.017593
0.000080  0.999836  0.000084
0.168461  0.826017  0.005522
0.032203  0.967745  0.000052
0.000049  0.999899  0.000051
0.000050  0.999900  0.000051
0.000041  0.999909  0.000051
0.000050  0.999898  0.000052
0.000049  0.999900  0.000051
0.000051  0.999898  0.000052
0.000064  0.892024  0.107912
0.000050  0.767616  0.232334
0.000050  0.803852  0.196098
0.000050  0.874803  0.125147
0.000051  0.566907  0.433042
0.000053  0.647206  0.352741
0.036267  0.717524  0.246209
0.000069  0.721033  0.278898
0.000051  0.220686  0.779263
0.000054  0.421892  0.578054
0.007848  0.267203  0.724949
0.000084  0.065970  0.933946
0.000053  0.283511  0.716436
0.014498  0.000056  0.985446
0.023919  0.055972  0.920110
0.017990  0.000051  0.981958
0.081095  0.018404  0.900500
0.000091  0.000093  0.999816
0.000054  0.000055  0.999891
0.000049  0.000051  0.999900
0.000049  0.000051  0.999899
0.000050  0.000051  0.999899
0.000051  0.000052  0.999897
0.000074  0.000076  0.999850
0.000049  0.000051  0.999899
0.000050  0.000051  0.999899
0.000050  0.000052  0.999898
0.000087  0.000089  0.999824
0.000098  0.000098  0.999805
0.000050  0.000051  0.999899
0.000051  0.000051  0.999898
0.000051  0.000053  0.999896
0.000050  0.000051  0.999899
0.000056  0.000054  0.999890
0.000050  0.000051  0.999899
0.000053  0.000055  0.999893
0.000049  0.000051  0.999900
0.000051  0.000052  0.999897
0.000050  0.000051  0.999899
0.000063  0.000065  0.999872
0.000050  0.000052  0.999898
0.000056  0.000056  0.999888
0.000050  0.000051  0.999899
0.000053  0.000054  0.999893
0.000050  0.000048  0.999902
0.000050  0.000051  0.999899
0.000050  0.000051  0.999899
0.000050  0.000051  0.999899
0.000050  0.072939  0.927011
0.000066  0.035341  0.964593
0.477421  0.000059  0.522520
0.423250  0.000052  0.576698
0.437905  0.000056  0.562039
0.999900  0.000050  0.000050
0.999899  0.000051  0.000051
0.999899  0.000050  0.000050
0.999899  0.000050  0.000050
0.999899  0.000050  0.000051
0.999900  0.000050  0.000050
0.999898  0.000051  0.000051
