0.006169  0.975338  0.006217  0.006150  0.006125
0.006585  0.006622  0.973681  0.006589  0.006523
0.006562  0.973757  0.006616  0.006544  0.006521
0.006168  0.547437  0.434070  0.006186  0.006138
0.006629  0.973536  0.006687  0.006610  0.006538
0.006198  0.975244  0.006247  0.006177  0.006133
0.006178  0.975312  0.006212  0.006149  0.006148
0.006182  0.524361  0.457143  0.006179  0.006134
0.006169  0.975338  0.006217  0.006150  0.006125
0.006191  0.006241  0.975263  0.006173  0.006131
0.006169  0.975338  0.006217  0.006150  0.006125
0.006182  0.524361  0.457143  0.006179  0.006134
0.006197  0.006252  0.975254  0.006158  0.006138
0.629253  0.006613  0.350947  0.006631  0.006557
0.006572  0.006634  0.973696  0.006576  0.006523
0.006591  0.006644  0.973670  0.006567  0.006527
0.006582  0.006638  0.973693  0.006562  0.006525
0.006175  0.006224  0.975304  0.006159  0.006138
0.007005  0.007056  0.971949  0.007007  0.006983
0.973650  0.006613  0.006610  0.006598  0.006529
0.975266  0.006202  0.006199  0.006201  0.006132
0.973687  0.006597  0.006593  0.006596  0.006528
0.973694  0.006594  0.006592  0.006593  0.006527
0.975342  0.006171  0.006167  0.006173  0.006147
0.971736  0.007085  0.007080  0.007097  0.007002
0.975194  0.006205  0.006201  0.006211  0.006189
0.975213  0.006203  0.006199  0.006205  0.006180
0.975204  0.006208  0.006206  0.006210  0.006173
0.964572  0.008877  0.008872  0.008873  0.008806
0.975266  0.006202  0.006199  0.006201  0.006132
0.975311  0.006182  0.006178  0.006181  0.006148
0.006574  0.006546  0.006561  0.973789  0.006529
0.006587  0.006559  0.006576  0.973749  0.006528
0.006179  0.006155  0.006170  0.975362  0.006133
0.006591  0.006569  0.006585  0.973703  0.006552
0.006247  0.006218  0.006234  0.975159  0.006141
0.561813  0.006158  0.006177  0.419669  0.006183
0.492553  0.006155  0.006171  0.488924  0.006197
0.975211  0.006172  0.006219  0.006246  0.006152
0.975211  0.006172  0.006219  0.006246  0.006152
0.006612  0.006582  0.006600  0.973677  0.006528
