0.901988  0.097837  0.000175
0.824824  0.175003  0.000172
0.933058  0.066771  0.000171
0.791015  0.208808  0.000178
0.791443  0.208386  0.000171
0.982990  0.016839  0.000171
0.999665  0.000176  0.000159
0.999682  0.000178  0.000140
0.999651  0.000178  0.000171
0.951472  0.048353  0.000175
0.999643  0.000182  0.000174
0.999533  0.000239  0.000228
0.846214  0.017909  0.135877
0.958421  0.000179  0.041399
0.999653  0.000176  0.000171
0.999653  0.000176  0.000172
0.999684  0.000175  0.000140
0.999650  0.000177  0.000173
0.999658  0.000176  0.000166
0.999647  0.000178  0.000175
0.761192  0.238616  0.000192
0.697834  0.301993  0.000172
0.836873  0.162953  0.000174
0.999650  0.000178  0.000172
0.718059  0.281764  0.000177
0.608624  0.391199  0.000177
0.872073  0.127747  0.000179
0.941670  0.058126  0.000204
0.169512  0.830313  0.000174
0.448496  0.551326  0.000178
0.290367  0.709455  0.000179
0.378187  0.621567  0.000246
0.218018  0.781804  0.000178
0.000184  0.949622  0.050194
0.000178  0.999643  0.000179
0.000178  0.963246  0.036576
0.000147  0.941214  0.058638
0.000249  0.999510  0.000241
0.000181  0.999644  0.000175
0.000176  0.999655  0.000169
0.000177  0.999657  0.000166
0.000175  0.999654  0.000171
0.000175  0.999657  0.000168
0.000231  0.999544  0.000225
0.000176  0.999684  0.000140
0.000177  0.999652  0.000171
0.000177  0.999652  0.000171
0.000250  0.999507  0.000243
0.000256  0.999489  0.000255
0.000177  0.999650  0.000173
0.000174  0.999686  0.000140
0.000180  0.999648  0.000173
0.000176  0.999652  0.000172
0.000178  0.999652  0.000170
0.000177  0.999650  0.000173
0.000183  0.999642  0.000176
0.000175  0.999654  0.000170
0.000178  0.999648  0.000174
0.000175  0.999653  0.000172
0.000196  0.999614  0.000190
0.000175  0.999654  0.000170
0.000184  0.999635  0.000180
0.000177  0.999647  0.000175
0.020099  0.979721  0.000180
0.008913  0.990916  0.000171
0.000178  0.999651  0.000171
0.000176  0.999653  0.000171
0.000177  0.999650  0.000173
0.000179  0.999649  0.000172
0.070116  0.929690  0.000193
0.000186  0.579499  0.420315
0.000178  0.575125  0.424697
0.000182  0.618574  0.381243
0.000172  0.000173  0.999655
0.000172  0.000173  0.999654
0.000171  0.000173  0.999656
0.000172  0.000173  0.999656
0.000174  0.000176  0.999650
0.000172  0.000172  0.999656
0.000176  0.000177  0.999648
