0.000022  0.999956  0.000022
0.109403  0.890576  0.000021
0.047219  0.952761  0.000021
0.019778  0.980198  0.000024
0.014437  0.985543  0.000020
0.016475  0.983504  0.000021
0.000021  0.999958  0.000021
0.000021  0.999961  0.000018
0.000021  0.999958  0.000021
0.116770  0.883209  0.000021
0.000842  0.999135  0.000023
0.000040  0.999927  0.000033
0.000022  0.873794  0.126184
0.000022  0.992478  0.007500
0.000021  0.999958  0.000021
0.000021  0.999961  0.000018
0.000021  0.999958  0.000021
0.000022  0.999960  0.000019
0.000021  0.999958  0.000021
0.000022  0.999957  0.000021
0.000031  0.999939  0.000030
0.118716  0.881263  0.000021
0.145883  0.854096  0.000021
0.041492  0.958487  0.000021
0.351142  0.648837  0.000022
0.362440  0.637537  0.000022
0.000024  0.999952  0.000024
0.000033  0.999934  0.000033
0.743390  0.256588  0.000022
0.525804  0.474173  0.000023
0.700473  0.299505  0.000022
0.929071  0.070887  0.000041
0.661644  0.338333  0.000023
0.959186  0.013855  0.026959
0.854570  0.113069  0.032361
0.884939  0.104458  0.010603
0.862480  0.068632  0.068888
0.999906  0.000047  0.000046
0.999951  0.000025  0.000024
0.999958  0.000021  0.000021
0.999958  0.000021  0.000021
0.999958  0.000021  0.000021
0.999956  0.000022  0.000022
0.999930  0.000035  0.000034
0.999958  0.000021  0.000021
0.999958  0.000021  0.000021
0.999956  0.000022  0.000022
0.999913  0.000044  0.000043
0.999902  0.000049  0.000049
0.999958  0.000021  0.000021
0.999958  0.000021  0.000021
0.999955  0.000023  0.000022
0.999958  0.000021  0.000021
0.999952  0.000024  0.000024
0.999958  0.000021  0.000021
0.999953  0.000024  0.000023
0.999959  0.000021  0.000020
0.999957  0.000022  0.000021
0.999958  0.000021  0.000021
0.999939  0.000031  0.000030
0.999956  0.000022  0.000022
0.999950  0.000025  0.000025
0.999958  0.000021  0.000021
0.999953  0.000024  0.000023
0.994004  0.005975  0.000021
0.999958  0.000022  0.000021
0.999957  0.000022  0.000021
0.999959  0.000021  0.000020
0.962133  0.037846  0.000021
0.813935  0.186033  0.000032
0.511289  0.000027  0.488684
0.563455  0.000022  0.436523
0.531883  0.000026  0.468091
0.000021  0.000021  0.999957
0.000022  0.000022  0.999956
0.000021  0.000021  0.999957
0.000022  0.000022  0.999957
0.000021  0.000021  0.999958
0.000021  0.000021  0.999958
0.000021  0.000021  0.999957
