0.000012  0.000011  0.999977
0.075519  0.000010  0.924472
0.021856  0.000009  0.978135
0.000013  0.000011  0.999976
0.035519  0.000009  0.964472
0.040100  0.000010  0.959890
0.000011  0.000009  0.999979
0.000011  0.000010  0.999979
0.000011  0.000009  0.999980
0.083385  0.000011  0.916605
0.036077  0.000011  0.963912
0.000022  0.000020  0.999958
0.000011  0.126626  0.873363
0.000011  0.000011  0.999977
0.000011  0.000011  0.999978
0.000010  0.000009  0.999981
0.000010  0.000009  0.999981
0.000011  0.000009  0.999980
0.000011  0.000010  0.999979
0.000011  0.000011  0.999978
0.000017  0.000014  0.999969
0.086065  0.000010  0.913924
0.132844  0.000011  0.867145
0.070925  0.000010  0.929065
0.364672  0.000011  0.635317
0.365559  0.000011  0.634429
0.228359  0.000012  0.771629
0.121298  0.000018  0.878684
0.752088  0.000011  0.247900
0.542934  0.000013  0.457053
0.693061  0.000011  0.306928
0.776470  0.000022  0.223507
0.678873  0.000012  0.321115
0.999974  0.000013  0.000013
0.936729  0.008786  0.054484
0.970404  0.000010  0.029586
0.914445  0.056408  0.029147
0.999951  0.000023  0.000027
0.999975  0.000012  0.000014
0.999979  0.000010  0.000011
0.999980  0.000009  0.000011
0.999981  0.000009  0.000010
0.999979  0.000010  0.000011
0.999961  0.000018  0.000021
0.999980  0.000009  0.000011
0.999981  0.000009  0.000010
0.999978  0.000010  0.000012
0.999955  0.000021  0.000024
0.999948  0.000026  0.000026
0.999980  0.000010  0.000010
0.999979  0.000011  0.000011
0.999977  0.000010  0.000012
0.999980  0.000009  0.000011
0.999975  0.000011  0.000014
0.999980  0.000010  0.000010
0.999977  0.000011  0.000012
0.999981  0.000009  0.000010
0.999979  0.000010  0.000010
0.999980  0.000009  0.000010
0.999970  0.000014  0.000016
0.999979  0.000010  0.000011
0.999974  0.000013  0.000013
0.999980  0.000010  0.000010
0.999976  0.000012  0.000012
0.999979  0.000010  0.000011
0.999980  0.000010  0.000011
0.999978  0.000010  0.000012
0.999981  0.000009  0.000010
0.992233  0.000010  0.007757
0.801563  0.000019  0.198418
0.481588  0.518397  0.000015
0.557928  0.442061  0.000011
0.512968  0.487018  0.000014
0.000010  0.999980  0.000010
0.000011  0.999979  0.000010
0.000010  0.999980  0.000010
0.000010  0.999980  0.000010
0.000011  0.999979  0.000011
0.000011  0.999979  0.000011
0.000011  0.999978  0.000011
